image: gazebo_map.pgm
resolution: 0.100000
origin: [-1.800000, -57.300000, -nan]
negate: 0
occupied_thresh: 0.65
free_thresh: 0.196

